Pt
66 615
1214 2500
3131 5722
6311 43923
44440 50794
51332 58729
59251 63682
64320 78554
79597 86744
88669 89145
90437 92306
94553 94890
96496 107565
108860 110383
111506 114372
114965 116493
117083 117536
118079 121004
121570 124106
124746 124889
125645 127999
129831 137036
137558 137782
142193 146300
148274 149504
150027 151857
153194 153540
1
1 859515
860283 2676230
2677096 12192623
12192625 13201252
13201353 13646646
13646648 13993095
13993196 14309681
14310042 14343812
14343873 14511721
14538722 14545721
14581720 14610668
14656721 14656856
14656858 14664122
14664124 14685672
14685704 14723225
14723244 14733475
14733503 14750970
14803971 14818660
14818662 14836958
14836963 14859917
14859922 15086045
15087046 15148110
15148276 15290785
15291086 15322899
15322960 15326836
15326897 15345854
15346566 15346620
15346653 15396127
15396188 15407360
15407430 15407623
15407697 15411044
15411105 16131997
16132581 17111140
17111142 17111308
17111313 17639178
17639932 23221024
23221625 28537489
28537590 29300708
29300885 29300940
29301112 30427671
Mt
1 130022
131218 366924
3
638 3047088
3047090 4315922
4316568 9171882
9171983 11354159
11354260 12851938
12852603 13022636
13022737 13023030
13023598 13587786
13588787 13589756
13589817 13599583
13599585 13599642
13599675 13687767
13687818 13692983
13693034 13696724
13696775 13696914
13697001 13701218
13701220 13701382
13701433 13701710
13701712 13701767
13701769 13701831
13701857 13701907
13701909 13704771
13704855 13718468
13718519 13726059
13726138 13735829
13735880 13744449
13744550 13749628
13749630 13749721
13749822 13752053
13752104 13757495
13757546 13766412
13766414 13766489
13766540 13785543
13785641 13789582
13789584 13790200
13790251 13790800
13790802 13798794
13798796 13799417
13800418 13837105
13837107 13839404
13839406 13844733
13844794 13847073
13847134 13847715
13847717 13848487
13848548 13851642
13851644 13852264
13852325 13855569
13855630 13856982
13857043 13858679
13858740 13862297
13862358 13867024
13867122 14014729
14014821 14069423
14069999 14132986
14133047 14133461
14133463 14134680
14134741 14136579
14136717 14138184
14138245 14139911
14139972 14141568
14141629 14142412
14142414 14173689
14173750 14178037
14178098 14183957
14184018 14184872
14184874 14188119
14188180 14189476
14189537 14191599
14191681 14192808
14192869 14195394
14195976 14198678
14199302 14202781
14203296 14205200
14205261 14208952
14209953 14220821
14220823 14243381
14243945 14474746
14474879 14612605
14612694 14832548
14833206 15128556
15128613 15132080
15132888 18652077
18652329 19227986
19228792 19249061
19249779 20739220
20740204 21179656
21180349 21222052
21222725 23459830
2
1001 28030
28151 85780
85782 85833
85845 86535
86537 2718323
2718931 3139964
3140060 3213202
3213356 3441857
3442505 3607929
3608930 3610096
3610098 3610167
3610169 3610806
3610808 3611838
3611884 3614871
3614917 3616324
3616326 3617844
3617945 3622701
3622703 3623671
3623673 3626546
3626592 3629817
3629863 3633378
3633424 3633526
3633530 3634719
3634722 3634795
3634797 3634929
3634947 3635411
3635413 3965343
3965446 5201882
5201943 7492719
7492721 8125146
8125675 10711842
10712359 11905489
11905583 11905732
11905855 13958734
13959348 14155544
14155548 14542343
14543170 16303212
16303214 19259553
19260074 19276803
19277368 19677648
19677650 19698289
5
1 392136
392928 2609995
2610453 3566510
3567340 4002354
4002494 4004146
4004253 9819305
9820003 10131131
10131133 11186858
11186959 11194469
11194849 11202873
11202876 11202929
11202931 11203128
11203440 11210701
11210703 11210917
11210956 11211026
11211338 11217043
11217045 11218091
11218403 11222908
11223323 11225964
11225966 11226365
11226447 11226507
11226622 11228286
11228387 11228758
11228859 11235647
11235649 11710528
11710561 11723180
11723211 11725025
11726024 11767238
11767434 12487382
12487939 12827448
12828449 12829008
12832168 12832334
12832336 12834674
12837835 14336116
14336730 14347633
14348355 21317311
21317421 21320859
21321229 24018100
24018186 26975316
4
1001 1716267
1716973 2058917
2058983 3053301
3054302 3133663
3133675 3448368
3449041 3507851
3507967 3956021
3957022 3974422
3974431 3984059
3984071 4578594
4579119 5354609
5354611 5472294
5472400 5537149
5537231 5537318
5537408 6665787
6666177 6666316
6666523 6861378
6862071 6880007
6880744 7303954
7304513 8219713
8220235 8584337
8585108 8657623
8658195 8974381
8976959 8979556
8980546 8985264
8988307 8999717
9000299 9016188
9016705 9050457
9051113 9054685
9055613 9073567
9074108 9108732
9110154 9183765
9184523 9192433
9192800 9235674
9236610 9343455
9343867 9432436
9433431 9434833
9435511 9440252
9440768 9441778
9442919 9570382
9570919 9610299
9610858 9613008
9613540 9668302
9669172 9677577
9678357 9911298
9911899 10015682
10016483 10021032
10021617 10039358
10040053 10537173
10537565 10902145
10902788 10967790
10968630 11059799
11060496 11084896
11085595 11383896
11384443 11448397
11449204 11755411
11755548 12493261
12493263 14098078
14098886 15162878
15163384 17254403
17255054 17317420
17318552 18585056
