Pt
5972 6478
7955 8442
26844 27408
29461 30248
30840 30901
33468 33803
35090 35219
38798 39050
49119 49460
56277 56466
62578 63027
66715 67224
67896 68017
73858 74226
84244 85186
88902 90328
92746 98404
101133 102882
104131 104223
104916 110363
113841 114108
115601 115785
123653 123981
126321 126585
128272 128556
131003 140233
145995 148272
149844 153431
1
1 2123529
2124307 2675899
2677213 4790457
4791097 8715192
8715876 11892404
11892983 12192623
12192625 12654392
12654908 13200837
13201809 13646646
13646648 13993095
13993196 14262928
14263296 14309681
14310024 14343812
14343873 14470713
14471219 14511721
14538722 14545721
14581720 14610668
14656721 14656856
14656858 14656943
14657784 14664122
14664124 14685672
14685704 14723225
14723244 14733475
14733503 14750970
14803971 14818660
14818662 14836958
14836963 14859917
14859922 15086045
15087046 15106291
15106407 15322899
15322960 15326836
15326897 15345854
15346566 15346620
15346653 15353274
15353427 15364515
15364607 15396127
15396188 15411044
15411105 16131901
16132468 17111140
17111142 17111308
17111313 17639030
17639862 19280159
19281011 19706784
19706879 23221017
23221812 28537037
28537883 29300708
29300885 29300940
29301084 30427671
Mt
1 366924
3
101 3047088
3047090 9171882
9171983 10925537
10925621 11354159
11354260 13022265
13022935 13587786
13588787 13589756
13589817 13599583
13599585 13599642
13599675 13687767
13687818 13692983
13693034 13696724
13696775 13696914
13697001 13701218
13701220 13701382
13701433 13701710
13701712 13701767
13701769 13701831
13701857 13701907
13701909 13704771
13704855 13718468
13718519 13726059
13726138 13735829
13735880 13744449
13744550 13749628
13749630 13749721
13749822 13752053
13752104 13757495
13757546 13766412
13766414 13766489
13766540 13785543
13785641 13789582
13789584 13790200
13790251 13790800
13790802 13798794
13798796 13799417
13800418 13837105
13837107 13839404
13839406 13844733
13844794 13847073
13847134 13847715
13847717 13848487
13848548 13851642
13851644 13852264
13852325 13855569
13855630 13856982
13857043 13858679
13858740 13862297
13862358 13867024
13867122 14014729
14014821 14132986
14133047 14133461
14133463 14134680
14134741 14136579
14136717 14138184
14138245 14139911
14139972 14141568
14141629 14142412
14142414 14173689
14173750 14178037
14178098 14183957
14184018 14184872
14184874 14188119
14188180 14189476
14189537 14191599
14191681 14192808
14192869 14198405
14199372 14203278
14203939 14205200
14205261 14208952
14209953 14220821
14220823 14474746
14474879 14475727
14475834 14475923
14476014 14761546
14762076 15128556
15128613 15131919
15133019 19013498
19014223 21179694
21180491 22639387
22640006 23459830
2
1001 28030
28151 85780
85782 85833
85845 86535
86537 3607929
3608930 3610096
3610098 3610167
3610169 3610806
3610808 3611838
3611884 3614871
3614917 3616324
3616326 3617844
3617945 3622701
3622703 3623671
3623673 3626546
3626592 3629817
3629863 3633378
3633424 3633526
3633530 3634719
3634722 3634795
3634797 3634929
3634947 3635411
3635413 5201882
5201943 7492719
7492721 8124968
8125774 10960376
10961047 11905489
11905583 11905732
11905855 13958792
13959154 14155544
14155548 16303212
16303214 16903576
16904422 19677648
19677650 19698289
5
1 392078
392866 2610036
2610124 3566464
3567168 4002354
4002568 4002893
4003005 4003637
4003797 4004146
4004253 5977817
5978055 8446246
8446447 10131131
10131133 11194469
11194849 11202873
11202876 11202929
11202931 11203128
11203440 11210701
11210703 11210917
11210956 11211026
11211338 11217043
11217045 11218091
11218403 11222908
11223323 11225964
11225966 11226365
11226447 11226507
11226622 11227038
11227198 11227932
11228140 11228286
11228387 11228758
11228859 11235647
11235649 11267364
11267451 11710528
11710561 11723180
11723211 11725025
11726024 12300380
12300575 12487608
12487939 12827448
12828449 12829008
12832168 12832334
12832336 12834674
12837835 14345464
14346309 14374756
14375269 21317311
21317518 21320936
21321229 24018100
24018186 26975088
4
1001 31059
31605 1659525
1659984 2058901
2058983 2639586
2639904 3053062
3054302 3115126
3115932 3133663
3133675 3295308
3296078 3434268
3435129 3530178
3530919 3806502
3807340 3956021
3957022 3974422
3974431 3984059
3984071 5090368
5090869 5354609
5354611 5537149
5537231 5537318
5537408 6665812
6666177 6666385
6666646 6861465
6862112 7303950
7304654 8381803
8382569 8584545
8585360 8635849
8636663 8642179
8642859 8975992
8976651 8985700
8986794 8987489
8988293 8993538
8994232 9040944
9041784 9052527
9053318 9112275
9113014 9130613
9131366 9145261
9146041 9184038
9184768 9188004
9188313 9192433
9192672 9214984
9215935 9239836
9240514 9326611
9327170 9343476
9343823 9432322
9433180 9434899
9436435 9437829
9439334 9439942
9440824 9612187
9612878 9667395
9667958 9911270
9911882 10020959
10021815 10025193
10026046 10309968
10310735 10899308
10900046 10944070
10944841 10967546
10968277 11079537
11080050 11081781
11082068 11754865
11755091 11996548
11997454 12216069
12216918 12493261
12493263 12509440
12510253 13036420
13037026 13649342
13649996 14335705
14336327 15744111
15744985 17356962
17357625 18585056
